coef: [[1.1794250675541968]]
intercept: [-1.1330675353930764]
